0.66342 0.27337 -0.18508 -1.31871 -0.10403 0.13212 0.03769 0.01831
0.59564 0.27403 -0.08411 -1.32759 -0.08736 0.13151 0.03607 0.01951
0.52774 0.27261 0.01177 -1.33676 -0.06954 0.13121 0.03504 0.02085
0.46112 0.26952 0.09856 -1.34582 -0.05073 0.13137 0.03451 0.02260
0.39710 0.26534 0.17227 -1.35434 -0.03108 0.13209 0.03432 0.02501
0.33685 0.26075 0.22897 -1.36180 -0.01074 0.13339 0.03424 0.02837
0.27794 0.25774 0.26504 -1.36570 0.01015 0.13574 0.03435 0.03336
0.21427 0.26039 0.28017 -1.36038 0.03143 0.14001 0.03538 0.04092
0.14514 0.26962 0.27832 -1.34389 0.05294 0.14590 0.03766 0.05112
0.06417 0.28809 0.25761 -1.31282 0.07454 0.15346 0.04194 0.06552
-0.02644 0.31646 0.22224 -1.26689 0.09608 0.16134 0.04888 0.08396
-0.11999 0.35187 0.17836 -1.20981 0.11741 0.16763 0.05835 0.10491
-0.21602 0.39330 0.12716 -1.14316 0.13837 0.17114 0.07047 0.12780
-0.31366 0.43963 0.06996 -1.06869 0.15881 0.17084 0.08517 0.15162
-0.41183 0.48971 0.00819 -0.98825 0.17859 0.16615 0.10215 0.17493
-0.50929 0.54231 -0.05669 -0.90376 0.19754 0.15702 0.12090 0.19616
-0.60475 0.59624 -0.12318 -0.81716 0.21553 0.14405 0.14068 0.21390
-0.69685 0.65024 -0.18977 -0.73044 0.23239 0.12835 0.16063 0.22709
-0.78421 0.70310 -0.25493 -0.64558 0.24798 0.11136 0.17988 0.23531
-0.86544 0.75356 -0.31713 -0.56456 0.26215 0.09454 0.19764 0.23877
-0.93915 0.80038 -0.37486 -0.48937 0.27474 0.07917 0.21329 0.23827
-1.00394 0.84232 -0.42657 -0.42203 0.28560 0.06611 0.22643 0.23498
-1.05838 0.87815 -0.47072 -0.36451 0.29458 0.05581 0.23688 0.23025
-1.10109 0.90660 -0.50580 -0.31883 0.30154 0.04834 0.24462 0.22535
-1.13064 0.92644 -0.53026 -0.28698 0.30631 0.04356 0.24969 0.22141
-1.14784 0.93675 -0.54432 -0.26841 0.30913 0.04102 0.25236 0.21912
-1.15693 0.93760 -0.55105 -0.25894 0.31075 0.04002 0.25314 0.21854
-1.16074 0.92956 -0.55257 -0.25627 0.31169 0.04010 0.25232 0.21960
-1.16103 0.91348 -0.55023 -0.25960 0.31223 0.04098 0.25004 0.22217
-1.15887 0.89035 -0.54495 -0.26901 0.31254 0.04244 0.24634 0.22605
-1.15499 0.86125 -0.53735 -0.28506 0.31272 0.04432 0.24121 0.23107
-1.14987 0.82732 -0.52791 -0.30861 0.31282 0.04646 0.23458 0.23699
-1.14390 0.78972 -0.51705 -0.34167 0.31287 0.04865 0.22631 0.24362
-1.13737 0.74965 -0.50509 -0.38643 0.31289 0.05069 0.21622 0.25071
-1.13054 0.70828 -0.49238 -0.44246 0.31289 0.05242 0.20438 0.25778
-1.12366 0.66683 -0.47919 -0.50756 0.31289 0.05373 0.19109 0.26426
-1.11693 0.62649 -0.46584 -0.57854 0.31287 0.05457 0.17689 0.26965
-1.11057 0.58846 -0.45259 -0.65161 0.31284 0.05490 0.16249 0.27364
-1.10480 0.55396 -0.43974 -0.72265 0.31281 0.05482 0.14870 0.27612
-1.09981 0.52418 -0.42757 -0.78735 0.31276 0.05445 0.13633 0.27726
-1.09582 0.50034 -0.41636 -0.84128 0.31272 0.05399 0.12618 0.27742
-1.09302 0.48363 -0.40638 -0.87995 0.31266 0.05369 0.11895 0.27710
-1.09208 0.47584 -0.39772 -0.90143 0.31260 0.05359 0.11513 0.27672
-1.09411 0.47882 -0.39013 -0.90850 0.31252 0.05342 0.11474 0.27654
-1.09950 0.49283 -0.38343 -0.90353 0.31244 0.05302 0.11758 0.27656
-1.10818 0.51711 -0.37749 -0.88832 0.31235 0.05225 0.12335 0.27664
-1.11977 0.55029 -0.37224 -0.86430 0.31225 0.05103 0.13169 0.27650
-1.13375 0.59067 -0.36762 -0.83272 0.31214 0.04930 0.14214 0.27584
-1.14950 0.63631 -0.36359 -0.79470 0.31202 0.04706 0.15422 0.27433
-1.16634 0.68521 -0.36012 -0.75131 0.31189 0.04439 0.16735 0.27174
-1.18355 0.73525 -0.35717 -0.69813 0.31175 0.04153 0.18151 0.26780
-1.20042 0.78432 -0.35470 -0.62695 0.31159 0.03884 0.19699 0.26201
-1.21620 0.83024 -0.35271 -0.53970 0.31142 0.03643 0.21294 0.25414
-1.23016 0.87085 -0.35115 -0.44523 0.31124 0.03433 0.22782 0.24461
-1.24154 0.90398 -0.35000 -0.35639 0.31105 0.03262 0.24008 0.23471
-1.24961 0.92744 -0.34924 -0.28833 0.31084 0.03138 0.24850 0.22653
-1.25437 0.93966 -0.34879 -0.24765 0.31061 0.03071 0.25299 0.22158
-1.25707 0.94065 -0.34855 -0.22432 0.31037 0.03062 0.25472 0.21955
-1.25848 0.93107 -0.34845 -0.21131 0.31012 0.03107 0.25442 0.21991
-1.25898 0.91186 -0.34850 -0.20477 0.30985 0.03201 0.25247 0.22221
-1.25873 0.88416 -0.34868 -0.20262 0.30956 0.03337 0.24907 0.22605
-1.25778 0.84919 -0.34903 -0.20387 0.30925 0.03507 0.24433 0.23107
-1.25608 0.80825 -0.34958 -0.20809 0.30893 0.03706 0.23834 0.23692
-1.25356 0.76265 -0.35036 -0.21524 0.30859 0.03924 0.23118 0.24329
-1.25012 0.71374 -0.35141 -0.22545 0.30823 0.04156 0.22292 0.24986
-1.24564 0.66288 -0.35277 -0.23899 0.30785 0.04394 0.21369 0.25637
-1.24000 0.61142 -0.35447 -0.25949 0.30745 0.04627 0.20335 0.26273
-1.23305 0.56074 -0.35657 -0.29350 0.30703 0.04833 0.19147 0.26899
-1.22468 0.51219 -0.35909 -0.34222 0.30659 0.04998 0.17811 0.27476
-1.21474 0.46714 -0.36209 -0.40315 0.30613 0.05117 0.16377 0.27954
-1.20311 0.42696 -0.36559 -0.47164 0.30565 0.05195 0.14928 0.28290
-1.18963 0.39303 -0.36966 -0.54183 0.30515 0.05249 0.13565 0.28469
-1.17419 0.36671 -0.37431 -0.60713 0.30462 0.05308 0.12398 0.28506
-1.15505 0.34780 -0.38396 -0.66373 0.30356 0.05410 0.11480 0.28439
-1.12857 0.33366 -0.40757 -0.71361 0.30084 0.05575 0.10769 0.28302
-1.09280 0.32250 -0.44820 -0.75841 0.29580 0.05809 0.10234 0.28113
-1.04707 0.31329 -0.50478 -0.79911 0.28821 0.06120 0.09858 0.27884
-0.99143 0.30544 -0.57379 -0.83634 0.27801 0.06523 0.09629 0.27611
-0.92632 0.29857 -0.65036 -0.87052 0.26531 0.07038 0.09530 0.27286
-0.85245 0.29247 -0.72879 -0.90193 0.25025 0.07684 0.09534 0.26887
-0.77068 0.28701 -0.80293 -0.93080 0.23306 0.08473 0.09603 0.26387
-0.68191 0.28210 -0.86636 -0.95732 0.21394 0.09409 0.09681 0.25753
-0.58713 0.27768 -0.91249 -0.98163 0.19315 0.10479 0.09709 0.24948
-0.48733 0.27371 -0.93952 -1.00414 0.17094 0.11639 0.09649 0.23948
-0.38352 0.27015 -0.95373 -1.02559 0.14756 0.12807 0.09526 0.22759
-0.27673 0.26698 -0.95960 -1.04638 0.12327 0.13918 0.09360 0.21396
-0.16798 0.26417 -0.95984 -1.06667 0.09832 0.14920 0.09164 0.19882
-0.05830 0.26170 -0.95614 -1.08651 0.07299 0.15776 0.08951 0.18245
0.05127 0.25954 -0.94962 -1.10587 0.04752 0.16457 0.08725 0.16520
0.15970 0.25767 -0.94104 -1.12466 0.02218 0.16948 0.08494 0.14746
0.26596 0.25608 -0.93099 -1.14280 -0.00276 0.17244 0.08261 0.12962
0.36901 0.25473 -0.91992 -1.16016 -0.02705 0.17349 0.08030 0.11211
0.46782 0.25360 -0.90824 -1.17660 -0.05043 0.17280 0.07806 0.09529
0.56136 0.25268 -0.89632 -1.19202 -0.07264 0.17060 0.07591 0.07951
0.64859 0.25195 -0.88447 -1.20626 -0.09341 0.16721 0.07389 0.06504
0.72847 0.25138 -0.87305 -1.21920 -0.11248 0.16299 0.07202 0.05211
0.79998 0.25095 -0.86236 -1.23069 -0.12959 0.15833 0.07034 0.04087
0.86207 0.25063 -0.85272 -1.24061 -0.14447 0.15361 0.06887 0.03141
0.91372 0.25042 -0.84445 -1.24881 -0.15688 0.14924 0.06765 0.02379
0.95389 0.25028 -0.83785 -1.25515 -0.16654 0.14556 0.06670 0.01804
0.98045 0.25026 -0.83375 -1.25939 -0.17320 0.14300 0.06609 0.01434
0.99585 0.25042 -0.83148 -1.26182 -0.17713 0.14149 0.06578 0.01223
1.00521 0.25061 -0.82996 -1.26325 -0.17940 0.14055 0.06559 0.01094
1.01092 0.25078 -0.82897 -1.26408 -0.18071 0.13996 0.06549 0.01015
1.01439 0.25092 -0.82831 -1.26456 -0.18147 0.13961 0.06543 0.00967
1.01651 0.25103 -0.82788 -1.26484 -0.18191 0.13939 0.06539 0.00938
1.01780 0.25111 -0.82761 -1.26500 -0.18216 0.13925 0.06537 0.00919
1.01858 0.25116 -0.82743 -1.26509 -0.18230 0.13917 0.06536 0.00908
1.01906 0.25120 -0.82732 -1.26515 -0.18239 0.13912 0.06536 0.00901
1.01936 0.25122 -0.82724 -1.26518 -0.18244 0.13909 0.06535 0.00897
1.01954 0.25124 -0.82720 -1.26520 -0.18247 0.13907 0.06535 0.00894
1.01965 0.25125 -0.82717 -1.26521 -0.18248 0.13906 0.06535 0.00893
1.01971 0.25126 -0.82715 -1.26522 -0.18249 0.13905 0.06535 0.00892
1.01975 0.25126 -0.82714 -1.26522 -0.18250 0.13905 0.06535 0.00891
1.01978 0.25126 -0.82713 -1.26522 -0.18250 0.13905 0.06535 0.00891
1.01980 0.25127 -0.82712 -1.26522 -0.18250 0.13905 0.06535 0.00890
1.01980 0.25127 -0.82712 -1.26523 -0.18250 0.13904 0.06535 0.00890
1.01981 0.25127 -0.82712 -1.26523 -0.18250 0.13904 0.06535 0.00890
1.01981 0.25127 -0.82712 -1.26523 -0.18250 0.13904 0.06535 0.00890
1.01982 0.25127 -0.82712 -1.26523 -0.18250 0.13904 0.06535 0.00890
1.01982 0.25127 -0.82712 -1.26523 -0.18250 0.13904 0.06535 0.00890
