# x* y* theta* x y theta
0.528891 0.01351 0.002776 0.508382 -0.00731 -0.001131
1.108122127620484 0.01426800046573057 0.003897 1.057134718448191 -0.01671099520494121 -0.003916
1.639840286562102 0.03707497406649637 0.002183 1.587143969852815 -0.02713299603963395 -0.006605999999999999
2.147810797688589 0.07312595871179547 0.0005390000000000004 2.103329517861186 -0.03874599635907751 -0.009225999999999998
2.66973781159398 0.06767495656685371 0.004277 2.620470642399181 -0.05163200110697676 -0.013301
3.218588824241078 0.0796009542704732 0.003101000000000001 3.137581278864324 -0.06592500119224148 -0.014477
3.710025248911082 0.0876429548476662 0.010242 3.654642544853787 -0.08173800271332515 -0.017102
4.271026176863817 0.1078049833730975 0.006166999999999999 4.171654625245961 -0.0990189994032874 -0.021177
4.783259926437781 0.09985795776359489 0.019172 4.687635500271232 -0.1176169998106956 -0.023797
5.323900905330479 0.1073369561118017 0.017996 5.204556819100118 -0.1374970041772672 -0.024973
5.851613697505391 0.1163759525603179 0.021734 5.721436909344548 -0.1585250057508296 -0.029048
6.422582450406689 0.1342339480872157 0.026042 6.312082669362424 -0.1841899981949225 -0.030598
6.94367002296409 0.1579719257796197 0.031235 6.827848992350785 -0.2080220090768433 -0.033218
7.471178077857205 0.1564108993954643 0.036422 7.344533200572408 -0.2333090188722809 -0.03584399999999999
7.987055817083913 0.2032719230865885 0.040633 7.861157025021647 -0.2597910083294168 -0.038469
8.513309599920325 0.2085299494327225 0.04632399999999999 8.377705244789967 -0.287793018099964 -0.042544
9.020947523999729 0.2254959495713935 0.04514799999999999 8.894186314496011 -0.3169310165797417 -0.043719
9.572907464051941 0.2260389252235532 0.05717599999999999 9.409583191188174 -0.3477420159821296 -0.04634
10.07841786200829 0.281575995753217 0.05407799999999999 9.925873609740659 -0.3800760329444671 -0.050414
10.61524554454461 0.3025019764216872 0.06071499999999999 10.44208275712128 -0.4137060360640869 -0.05159
11.13991803668015 0.3408400101042531 0.05273399999999999 10.95819379072151 -0.4488570421311442 -0.05566499999999999
11.65801911107402 0.3494370418218622 0.05792099999999999 11.4742141146388 -0.4852530552689404 -0.05828999999999999
12.17620914397017 0.3718930450898819 0.06846899999999999 11.98917543612678 -0.522661078363347 -0.05946099999999999
12.69174625285117 0.4143810551706366 0.067797 12.50500573819776 -0.5616560985283857 -0.06208599999999999
13.21141948294542 0.4652871052024944 0.07005400000000001 13.02075679974755 -0.6016851057682771 -0.06471099999999998
13.71652034942031 0.4973890956537328 0.075242 13.53639305304605 -0.6431751202230311 -0.06733599999999998
14.24976856217465 0.5538540691015479 0.075073 14.051910861771 -0.6860741093618589 -0.07141099999999999
14.76203969297546 0.5874630805109119 0.08171500000000001 14.56634787791593 -0.7301821132412257 -0.07258199999999998
15.2870821965981 0.620976043860563 0.08494900000000001 15.08163182845731 -0.7758361063579393 -0.07520699999999998
15.82842875113427 0.6637300035268122 0.09013600000000002 15.59680325893861 -0.8227351408551026 -0.07783199999999998
16.35305779211135 0.7158740095152716 0.09289800000000001 16.11181447635295 -0.8713621580772806 -0.08190699999999998
16.87747315722305 0.7660750392036041 0.09172700000000002 16.62573704196825 -0.9210271251782857 -0.08307799999999999
17.39225548802695 0.8165540722197496 0.09691400000000003 17.1405243318172 -0.9719801506765579 -0.08570299999999997
17.9274445836721 0.8509400898690053 0.106008 17.6551922443849 -1.024178138237857 -0.08832799999999999
18.44598909490175 0.9325620505403771 0.104359 18.16970401920878 -1.077832117615247 -0.09095299999999998
18.94905796398196 0.9936360330162513 0.107593 18.6840837979937 -1.132731092713098 -0.093579
19.48342433560272 1.060215076882573 0.09605400000000003 19.19697033741979 -1.192067097343765 -0.112931
20.01901786436462 1.116847027236896 0.09054800000000003 19.70850122261476 -1.263364037428807 -0.126249
20.55667553240999 1.170227999290727 0.09768700000000004 20.22080643831861 -1.336407067084292 -0.128875
21.07033016352585 1.19386399884061 0.09506600000000004 20.73195990662031 -1.410540129273092 -0.131496
21.59142785627743 1.262216926576185 0.100257 21.24291838801751 -1.486012194918375 -0.134118
22.12299378973798 1.313134924069891 0.08014700000000004 21.75292260670797 -1.56834917832694 -0.158134
22.63407975299268 1.37930490038372 0.07948100000000004 22.2611527125496 -1.657424194777701 -0.160753
23.13483912174291 1.405092975538073 0.03198500000000004 22.76801350506087 -1.761941148809589 -0.209226
23.67713681669552 1.451768983638326 0.03968000000000004 23.27176042318099 -1.876498127180094 -0.21032
24.19377895737074 1.474368994110482 0.04724900000000004 23.77520172919695 -1.992382190986474 -0.21447
24.70967058551136 1.500836978091929 0.03681500000000004 24.27837630170412 -2.109417102527286 -0.217091
25.2358561030535 1.501217980536089 0.04590700000000004 24.78221742255633 -2.228350128096406 -0.219718
25.76942287015391 1.538422924482089 0.04328500000000005 25.2846408369675 -2.348574220893338 -0.22234
26.29913732026378 1.557088948813432 0.04847600000000005 25.78674754629746 -2.470114150926248 -0.2249619999999999
26.81315463706096 1.573443967125661 0.04976000000000005 26.28856029942253 -2.592859095818516 -0.227583
27.3464562751311 1.603308952848697 0.05299800000000005 26.79004932823777 -2.716920106076736 -0.230205
27.86345182148957 1.629139926317544 0.05775800000000004 27.29235649384221 -2.842173149130522 -0.231304
28.36656666529165 1.673194942518283 0.05751500000000005 27.79325463003577 -2.968594178181661 -0.235454
28.91302762407345 1.698969939090161 0.06814000000000005 28.2938795079196 -3.09610415155632 -0.236548
29.42614723236311 1.740844915243392 0.06399000000000003 28.79406623079193 -3.225314081913236 -0.240697
29.96037398386411 1.79006790285947 0.06527000000000002 29.29486300006287 -3.356081022540416 -0.243324
30.49256630765553 1.820683929021973 0.07046000000000002 29.79443197088266 -3.488045013041597 -0.245946
31.01592037472044 1.875618961190003 0.06783800000000001 30.2935288824078 -3.621402991473178 -0.248568
31.55157285766526 1.905854996193713 0.07302900000000002 30.79224600172299 -3.756177017671072 -0.25119
32.17270119445835 1.962063989935508 0.07393700000000002 31.36225375837772 -3.91164495546655 -0.254188
32.67328843548396 2.008435005960808 0.06061700000000003 31.85997301316458 -4.050755024272726 -0.2675080000000001
33.20256645495471 2.036713004110868 -0.003131999999999969 32.34949413579062 -4.214418070531509 -0.3312570000000001
33.71090859074837 2.040111005810743 0.002059000000000031 32.83536037308351 -4.389918152350744 -0.3338780000000001
34.22685399057365 2.041905006441175 0.005297000000000031 33.32076877148865 -4.566692292220655 -0.3365
34.77146129305737 2.053296007637307 0.01048800000000003 33.8057099537467 -4.74473835651125 -0.339121
35.30838608406256 2.066906010138426 0.01274900000000003 34.29018192562405 -4.924054345653022 -0.341743
35.83177113669355 2.068591012353261 0.01793500000000003 34.77509164020884 -5.104980243290066 -0.34437
36.39460892217239 2.105321974231348 0.01531300000000003 35.25861554728466 -5.286837205114609 -0.346991
36.91155296360639 2.120705972621086 0.01422000000000003 35.74172108948333 -5.469798037631291 -0.348085
37.43468642955557 2.112788979378343 0.02178900000000003 36.22430296474768 -5.65413698776686 -0.352234
38.04226157322854 2.137394027214337 0.02660500000000003 36.7752739582378 -5.866438988296077 -0.355231
38.55840641616445 2.15873902466296 0.02789000000000003 37.25679410175911 -6.053537039741808 -0.357853
39.14783759438392 2.201163027821205 0.02489300000000003 37.80656148977145 -6.268931187045138 -0.360849
39.67636128910221 2.220329017334901 0.02813100000000003 38.28702447307474 -6.458730176976801 -0.363471
40.21167090016979 2.261470003396174 0.03331700000000003 38.76789044632751 -6.650150162974617 -0.366097
40.74096498769368 2.274098010281843 0.03069500000000003 39.24734886742048 -6.842467328138627 -0.368719
41.25562848844303 2.285825990367815 0.03979200000000004 39.72630298784702 -7.036042372541783 -0.37134
41.80630504319554 2.307427972634071 0.03717100000000004 40.20474586610834 -7.230872323430491 -0.373962
42.32805050125242 2.334442988297611 0.03845500000000004 40.68267586962438 -7.426954328063771 -0.3765839999999999
42.84625460428685 2.377309006962441 0.04224500000000005 41.16020420337353 -7.624027456779189 -0.377677
43.36233106860761 2.398690026968173 0.04590700000000004 41.637119895285 -7.822563337151546 -0.381827
43.89797573172293 2.415832010227783 0.04719200000000003 42.11355983693196 -8.022242308437209 -0.384449
44.43411488208945 2.455806003110921 0.04804700000000003 42.59037210432683 -8.223548417114049 -0.385547
44.95367040671853 2.478168981566942 0.04780300000000003 43.06566726025053 -8.425935478603931 -0.389697
45.47845337326098 2.501973982160261 0.05494700000000002 43.54045159442348 -8.629513617645479 -0.392318
46.00117796842106 2.520879962848754 0.05861000000000002 44.01463696774771 -8.834494774671633 -0.396468
46.50594342496358 2.553627992304726 0.04528800000000002 44.48703671198626 -9.044750658506652 -0.40979
47.00404532435722 2.597579985945523 0.04266700000000002 44.95767532014663 -9.257844488856989 -0.4124119999999999
47.53452958530566 2.619090998186808 -0.004273999999999971 45.42222014836725 -9.484068427758762 -0.4593519999999999
48.05647166730301 2.625013998617852 0.000919000000000029 45.88135984998213 -9.719775275240824 -0.461971
48.59888820091991 2.635563983797133 0.002200000000000029 46.34087862419447 -9.957329165140305 -0.464597
49.11511373032994 2.654073023837566 -0.000419999999999971 46.79891652229769 -10.19564211238221 -0.467217
49.63002165616012 2.615693059129962 0.01648600000000003 47.25734086915574 -10.43530328545131 -0.469842
50.18299055379544 2.633906056416796 0.01539400000000003 47.71436726236448 -10.67556648894094 -0.470934
50.70751142016579 2.634444055474042 0.02058600000000003 48.17072789933697 -10.91707629886459 -0.473554
51.23799042223641 2.650932058457672 0.02577400000000003 48.6274092337088 -11.16003547166454 -0.4761799999999999
51.76747672395935 2.681608115976735 0.02650900000000003 49.08224996398986 -11.40393433702805 -0.4803269999999999
52.28574248940072 2.693693110093422 0.02876700000000004 49.53743552261609 -11.64968210909509 -0.4829519999999999
52.80845112556161 2.721737098559946 0.03005300000000003 49.99102594903093 -11.89636333608675 -0.4855719999999999
53.33709875415277 2.766035057376967 0.02743200000000003 50.44391032471022 -12.14432953397684 -0.4881929999999999
53.83892299148824 2.758290059466443 0.03847900000000003 50.89698920832932 -12.39394847628783 -0.4908179999999999
54.35268298529094 2.782031055884012 0.03738800000000003 51.34846153084582 -12.64403164806426 -0.4919089999999999
54.87595233448775 2.818076082729743 0.03714100000000004 51.80036045446972 -12.89577860387238 -0.4960619999999999
55.39772571452254 2.821347068523913 0.03927700000000003 52.25061783134825 -13.14848781121172 -0.5017389999999998
55.90381080788116 2.823772032584191 0.01488200000000003 52.69313183517453 -13.4142778105211 -0.5349229999999998
56.41062816746008 2.844453000228236 0.01225500000000003 53.13438517122055 -13.68499200960199 -0.53755
56.9265754687195 2.839184980554139 0.02623500000000003 53.57389823990758 -13.95622904830784 -0.540171
57.44399222519419 2.862030973771315 0.02263600000000003 54.01291641212123 -14.22875215318254 -0.542793
57.96306706778959 2.889340944884254 0.02783300000000003 54.4501945396668 -14.50178422975181 -0.5454089999999999
58.47729302173084 2.899912942684979 0.03009300000000003 54.88777927687021 -14.77660306870531 -0.5480319999999999
58.99464052136384 2.90821295923268 0.03235000000000003 55.32523034349425 -15.05294211415089 -0.5506579999999999
59.51514481618886 2.913903013503472 0.04438100000000002 55.76056475033881 -15.32954236052726 -0.5532749999999999
60.03668336077772 2.928688997312376 0.04371300000000002 56.19575766004974 -15.60765630387886 -0.5558959999999998
60.55491545856829 2.957795997998905 0.04499700000000002 56.63043626270626 -15.88704905948942 -0.558518
61.06873973601412 3.013770004219954 0.04628300000000002 57.06416615919321 -16.16744099218707 -0.5611389999999998
61.59561668373253 3.045785999716368 0.04756700000000002 57.4973714777803 -16.44910719370819 -0.5637619999999999
62.12352444362995 3.087644966295852 0.05275800000000002 57.92962467866802 -16.73177031501387 -0.5663829999999997
62.6388911589015 3.093700998120519 0.04571900000000002 58.35953031174048 -17.01980810278772 -0.5812339999999997
63.14110327623238 3.105859040245948 0.04016800000000002 58.78669153731857 -17.30992025329264 -0.5838549999999997
63.66656341116816 3.124653047305064 0.04926300000000002 59.21366020987897 -17.60154104098691 -0.5864789999999996
64.17247949963935 3.157646048438984 0.04859600000000001 59.63929429387485 -17.89388910165001 -0.5890989999999997
64.72169595286302 3.188441072659284 0.04987700000000003 60.06494107538114 -18.18789195610934 -0.5917249999999997
65.24677140477496 3.220243092768241 0.05507000000000001 60.48882188172722 -18.48232082100611 -0.5943439999999997
65.7808735388582 3.248177099815434 0.05244500000000001 60.91292095535733 -18.7785518651844 -0.5969689999999996
66.29296424164311 3.29032403582931 0.05373600000000001 61.33468861545929 -19.07480263689027 -0.5995849999999997
66.8284591465373 3.309446034917216 0.05892400000000001 61.75702181945046 -19.3731057703097 -0.6022089999999997
67.31785215074818 3.343006037949754 0.06021000000000001 62.17800405645862 -19.67211192965954 -0.6048289999999997
67.84752171109636 3.370547012948878 0.06540200000000002 62.59820090745457 -19.97222082465549 -0.6074499999999996
68.3615394120213 3.432795020547899 0.06515600000000002 63.01807097030872 -20.27397187099412 -0.6116019999999995
68.90989540039406 3.453368984758554 0.02432900000000001 63.43038971376928 -20.58524473591607 -0.6524289999999996
69.4259443840224 3.441066961365289 -0.04230499999999998 63.82033804921163 -20.92336102105098 -0.7268749999999996
69.95811533458716 3.421909963941729 -0.118281 64.18404202139416 -21.290131006516 -0.8028509999999995
70.47623177479335 3.34340793239436 -0.182585 64.52053915941821 -21.68272218565286 -0.8681319999999995
70.99723281029516 3.249779922963938 -0.214074 64.83879534368158 -22.09004433240194 -0.9074329999999995
71.51036543496414 3.122379053392433 -0.235963 65.14119552124608 -22.50815856099887 -0.9390879999999995
72.01698491758208 2.990514941270102 -0.23566 65.44040027261126 -22.93053022883334 -0.9417149999999995
72.54106214291899 2.866917891717605 -0.236327 65.7377093591579 -23.35256834093425 -0.9443339999999995
73.03835490684749 2.737227945962835 -0.231134 66.03390741415205 -23.77537841446953 -0.9469539999999994
73.55801607222982 2.606675910602004 -0.240296 66.32904459868745 -24.19993766290854 -0.9541629999999994
74.05361777055192 2.46287103375031 -0.274284 66.61073884515454 -24.63230902219264 -0.9949869999999993
74.56968500659607 2.302658986636168 -0.325813 66.87163869330389 -25.07900778921154 -1.046515999999999
75.08716936119814 2.232897874409494 -0.3705020000000001 67.10895673342925 -25.53803988026663 -1.098040999999999
75.55893041702981 2.028204815591679 -0.4072930000000001 67.32614175061417 -26.00611889461442 -1.135808999999999
76.04420435074393 1.78664187484408 -0.4222250000000001 67.52829888954422 -26.48196619458013 -1.164411999999999
76.58077531416265 1.518802913779901 -0.4503500000000001 67.74303676269498 -27.03171392378749 -1.196443999999999
77.0511809597365 1.29731308658296 -0.47742 67.91700286198531 -27.51756023260582 -1.223513999999999
77.50645012890342 1.031519023720714 -0.4966850000000001 68.07816691896072 -28.00921638996553 -1.250590999999999
77.97894468763313 0.7529722488680509 -0.5887930000000001 68.20967389123138 -28.50844231346155 -1.338792999999999
78.38598164414867 0.4368672350121928 -0.697538 68.28432996610906 -29.01910153947269 -1.451443999999999
78.75956765663084 0.07053527947635224 -0.8131210000000001 68.30153894399083 -29.53525239763285 -1.564097999999999
79.10361994732565 -0.3326930067090363 -0.9174090000000001 68.26172198465919 -30.04982264636224 -1.675220999999999
79.37482586681156 -0.7932068540492141 -1.043819 68.15956600894984 -30.55663518059603 -1.801631999999999
79.62410690936107 -1.270775895486402 -1.180927 67.9904970558613 -31.04503217335756 -1.938738999999999
79.78964210482276 -1.77177926722263 -1.277873 67.76386708249544 -31.50922809262488 -2.037638999999999
79.95642309881053 -2.274346298867971 -1.312417 67.51768996454453 -31.96353843352782 -2.079994999999999
80.05106899711751 -2.766741842172036 -1.396032 67.23469209589028 -32.39523417305361 -2.163609999999999
80.10874892037052 -3.274265516372105 -1.444158 66.92324221480195 -32.80743395164485 -2.227360999999999
80.18228691984721 -3.8672885412548 -1.465495 66.54685130282527 -33.2629118492026 -2.248697999999999
80.24472488943411 -4.396680218290037 -1.463783 66.21646520013364 -33.6594079817054 -2.252845999999999
80.3191259009061 -4.902770577818879 -1.462926 65.88451902464816 -34.05584619357651 -2.253941999999999
80.38713593821781 -5.428963959725825 -1.463172 65.55144675438018 -34.45133152889767 -2.258093999999999
80.43846493204536 -5.942205941502685 -1.461883 65.21807780259387 -34.84498647139969 -2.260711999999999
80.48193091913467 -6.459318261696125 -1.469771 64.87964263901317 -35.23603867877144 -2.272504999999999
80.56354293344661 -6.971393325994942 -1.472396 64.53976575840626 -35.62584453708092 -2.275129999999999
80.63429488491424 -7.494537200364664 -1.475017 64.19931404716934 -36.01424719165425 -2.277750999999999
80.66978190485527 -8.027335464419075 -1.463965 63.85802522189874 -36.40155198039616 -2.280370999999999
80.74594794768326 -8.543004866245996 -1.477288 63.51360044204585 -36.78768872366821 -2.293693999999999
80.78945898396053 -9.061952284102093 -1.531869 63.15428928956512 -37.15887285926861 -2.348275999999999
80.8096499903162 -9.587255456038319 -1.532366 62.78341100866613 -37.51830616066999 -2.358537999999999
80.84367796514881 -10.10659953155419 -1.531082 62.41155191669505 -37.8772192515702 -2.361159999999999
80.84058198257929 -10.62622518424179 -1.525892 62.03875800114974 -38.23515116309161 -2.363782999999999
80.87284898448087 -11.1514351704916 -1.51875 61.66502492039402 -38.59210523843829 -2.366405999999999
80.90495900220598 -11.69328143279824 -1.516488 61.29059923001456 -38.94784793541585 -2.369026999999999
80.94959996913586 -12.21247270988918 -1.515204 60.91500037585229 -39.30283679379058 -2.371649999999999
80.97628694727739 -12.73321435331334 -1.535912 60.53745971460135 -39.65573947046764 -2.386497999999999
80.94638398333196 -13.26541307432292 -1.600168 60.14008858618586 -39.98523854099017 -2.462471999999999
80.90966599829403 -13.80536965295101 -1.674613 59.7192516456361 -40.28384452011262 -2.536917999999999
80.83952197417943 -14.31933485409406 -1.724441 59.27750063041795 -40.55261256071778 -2.594557999999999
80.75413099695726 -14.81883269901314 -1.727063 58.8321196406925 -40.81456455301765 -2.597179999999999
80.68198095128578 -15.34472578973668 -1.717966 58.3860548577853 -41.07534842573871 -2.599801999999999
80.6012899007533 -15.93351813606978 -1.715102 57.87567972224392 -41.37180950446988 -2.602797999999999
80.52749884282274 -16.46670351980343 -1.711868 57.42770663294509 -41.63034155747368 -2.605421999999999
80.45542283799411 -16.98775653077453 -1.708631 56.9795136466969 -41.88743654660581 -2.608044999999999
80.36763277766012 -17.51195488090208 -1.70344 56.53064535139924 -42.14335672321497 -2.610666999999999
80.30572175206765 -18.02608005508987 -1.758188 56.07684639469436 -42.38832766442754 -2.657601999999999
80.18455775432824 -18.52950580484374 -1.824821 55.60625782056913 -42.59984848064414 -2.732046999999999
80.05599567736805 -19.0259711007009 -1.900795 55.1207418308128 -42.77519149904208 -2.808021999999999
79.85384178243558 -19.52923871901832 -1.968961 54.62264057029548 -42.91359657724351 -2.883999999999999
79.6501936827304 -20.00271596223278 -2.041455 54.11610658901649 -43.01411956748784 -2.958447999999999
79.39947067984019 -20.44564893458296 -2.117435 53.60272134551342 -43.07609263456579 -3.034426999999999
79.08702768319891 -20.91217498234478 -2.196669 53.01315289575741 -43.0990146556441 -3.121473999999999
78.76158563533271 -21.32621605178192 -2.271114 52.49754532210695 -43.07762865808099 3.087266007179588
78.39034279431714 -21.72003483204123 -2.266604 51.98193088321259 -43.03907865763038 3.080058007179588
78.14415091315681 -22.19487187526737 -2.265322 51.46640609113995 -42.99935367188568 3.077434007179587
77.79659099388759 -22.56278574503084 -2.266963 50.95229329286033 -42.95838068509024 3.074816007179587
77.47217693140578 -22.97535175947684 -2.267634 50.43698777351696 -42.91595472216872 3.072192007179587
77.1280420059463 -23.38709867062765 -2.254628 49.92268322008142 -42.87225275719749 3.069573007179588
76.80122307265759 -23.7871505889208 -2.253344 49.40801475340895 -42.82716072881924 3.066951007179588
76.48465416503448 -24.21002640593088 -2.252057 48.89394030319567 -42.78076369812413 3.064332007179587
76.25037487732297 -24.71506461917953 -2.248821 48.37910303044845 -42.73293568166623 3.061708007179587
75.90636204587345 -25.10805348295931 -2.251443 47.86480709596363 -42.68379769078982 3.059086007179588
75.58599435393327 -25.50022710677187 -2.264594 47.35055564829781 -42.6296326949927 3.038123007179588
75.22368106062335 -25.88493145446937 -2.32223 46.84021381091204 -42.55098072912998 2.980486007179588
74.85453887584634 -26.24575872183684 -2.343568 46.33452429589072 -42.44763983395487 2.950359007179588
74.48064508815256 -26.62449551013362 -2.336851 45.82840931315177 -42.34208283855337 2.949264007179587
74.13322015916529 -27.01195347811322 -2.348643 45.32324542773888 -42.23364986610517 2.937472007179588
73.79915487899265 -27.39496672870571 -2.375718 44.82068079550765 -42.11258395401408 2.910397007179588
73.40021354976265 -27.78297604713156 -2.362715 44.31950238359266 -41.98690885802522 2.907775007179588
73.00233563402574 -28.1111590147174 -2.363809 43.81859909214956 -41.86014279219759 2.906681007179587
72.63191438136757 -28.48047926929298 -2.35917 43.31810908665884 -41.73178579371623 2.902531007179587
72.26549033110065 -28.84261031391964 -2.356356 42.81812796771047 -41.60263376621339 2.901439007179587
71.87925722633726 -29.23422241742539 -2.352694 42.318342631811 -41.47154468362283 2.897288007179588
71.46688018839852 -29.65155645069227 -2.35081 41.74730453482283 -41.31972066060929 2.894290007179587
71.11760209656408 -30.05253259183598 -2.345619 41.24833260399205 -41.18555368477632 2.891668007179588
70.74115720405729 -30.42406848398471 -2.371162 40.75196377266941 -41.04405169481406 2.866125007179587
70.38267808911351 -30.79577156966047 -2.364995 40.25690263929692 -40.89586766172455 2.863502007179588
69.99743388794893 -31.16890276979153 -2.367619 39.76197467657768 -40.74630668107918 2.860879007179587
69.62797893977014 -31.53973672060437 -2.363407 39.26744053436704 -40.59544864493302 2.858255007179587
69.25073821661209 -31.90296144239079 -2.358214 38.77420514153592 -40.44357153911032 2.855636007179588
68.8609568799411 -32.27408279380023 -2.357908 38.28046882894949 -40.2901224483913 2.853012007179588
68.50700990933254 -32.63385376633238 -2.352719 37.78713814063988 -40.13537754384354 2.850388007179588
68.13585919129754 -33.02275744404474 -2.349484 37.29421287451697 -39.97933946937572 2.847764007179588
67.77785792065545 -33.41433267235759 -2.352106 36.80195706272281 -39.82209052583073 2.845142007179588
67.42973797309666 -33.78760665968255 -2.344959999999999 36.31075819778774 -39.66376057559541 2.842523007179588
67.04871168074169 -34.16430495279389 -2.339771 35.81907573411755 -39.50384943968862 2.839899007179588
66.68853845085957 -34.53434819359774 -2.342395 35.3278143674411 -39.34264933028907 2.837275007179588
66.32195017416632 -34.91940648445976 -2.335253 34.83697956176042 -39.18016139265315 2.834651007179588
65.95046818090779 -35.30085347105198 -2.333966 34.34746787393654 -39.01668649443204 2.832032007179587
65.59329205859412 -35.67540659882017 -2.33366 33.85749094996996 -38.85162652651719 2.829408007179588
65.2178612689291 -36.05970837932539 -2.324564 33.36820409301913 -38.68536958089206 2.826786007179588
64.87042817379859 -36.44905551545192 -2.327188 32.87909876192726 -38.51774147172786 2.824162007179588
64.49242401284549 -36.83402261434649 -2.380239 32.39462130679888 -38.33926329149406 2.771110007179588
64.0939976851402 -37.17431598153708 -2.430744999999999 31.92732393988497 -38.11796210873217 2.708886007179588
63.6881327831583 -37.53066589213041 -2.431411 31.46210849349978 -37.89446590990354 2.706267007179588
63.30012391736959 -37.87781881228643 -2.426223 30.99666019957599 -37.669228777306 2.703642007179588
62.90572262141644 -38.22207107298033 -2.424935 30.53282017929107 -37.44326677088566 2.701024007179588
62.51007956221526 -38.57019112269711 -2.427559 30.06855495450695 -37.21558967058817 2.698400007179588
62.13043856234588 -38.90578812479023 -2.422365 29.60575878391667 -36.98712659098377 2.695781007179588
61.73801079207385 -39.26088592721419 -2.417176 29.14279104120462 -36.75719271306225 2.693157007179588
61.36290642089244 -39.60069425915937 -2.417291 28.68094785073613 -36.52681462764707 2.692066007179588
60.97154011915169 -39.9790305471307 -2.41363 28.21901652606119 -36.29480747446934 2.687915007179588
60.58657406331019 -40.32359459276657 -2.412343 27.75841475808658 -36.06195758780037 2.685296007179588
60.19528594914418 -40.66782069670296 -2.407579 27.29755796694095 -35.8274636989278 2.684200007179588
59.79933764023392 -41.03082697682292 -2.396102 26.8383891086648 -35.59179777076638 2.680052007179588
59.41417751785949 -41.38164408368512 -2.397197 26.3789880123632 -35.35481472667213 2.678957007179588
59.02534675552601 -41.72380284192275 -2.387672 25.92111309107091 -35.11664477343038 2.674810007179588
58.59639559932748 -42.15011699637825 -2.390672 25.39743545924334 -34.84245196917496 2.671810007179588
58.22110526311811 -42.51699436564763 -2.385478 24.94096950949789 -34.60194099559937 2.669192007179588
57.7909391146212 -42.90868655490846 -2.372853 24.41878747289548 -34.32490998648984 2.666192007179588
57.41887384250236 -43.28485587019766 -2.37785 23.9632935166522 -34.08221101595069 2.665101007179588
57.02865180500818 -43.64499691012853 -2.372661 23.50770456956704 -33.83798604203544 2.662478007179588
56.66671603236537 -44.01980775817604 -2.37528 23.05349318597898 -33.59290184602513 2.659858007179588
56.27545591452549 -44.36394692785477 -2.363807 22.59913045531355 -33.34606199145427 2.655706007179588
55.90942754212026 -44.75530324937416 -2.366426 22.14620933444333 -33.09859893589874 2.653087007179588
55.54835053929392 -45.12866419287381 -2.361237 21.6934229585172 -32.84921473551505 2.650464007179588
55.16475680279228 -45.50801993185255 -2.356044 21.24210485230593 -32.59883767882481 2.647844007179588
54.80376771879794 -45.88235201837674 -2.354762 20.79060045602156 -32.34680647384759 2.645220007179588
54.4284306038552 -46.25671713028134 -2.349569 20.3406042740654 -32.0940673849488 2.642601007179588
54.0589165546037 -46.62151718306887 -2.352192 19.89056767794814 -31.83975160478985 2.639978007179588
53.69027355980054 -46.96487921466563 -2.424434 19.44820272104237 -31.57282567751647 2.571642007179588
53.28159472556794 -47.30555305588678 -2.467973 19.03360679875888 -31.2651066791951 2.512478007179588
52.8825206714527 -47.63165109548449 -2.469615 18.62112905896705 -30.95511587509611 2.509859007179588
52.47156147174167 -47.96252026005051 -2.468326999999999 18.20940038172009 -30.64420811905827 2.507241007179588
52.05802875538629 -48.30308803991782 -2.462162 17.79770218430263 -30.33155398121012 2.504617007179588
51.53323071956303 -48.54149100227578 -2.462826999999999 17.38771021870936 -30.01835700917222 2.501999007179588
51.09562758354504 -48.87457708887259 -2.449825 16.97772413554499 -29.70345995033075 2.499376007179588
50.84863021650315 -49.37927334102073 -2.452449 16.56860631200578 -29.38751908201436 2.496752007179588
50.44386431317729 -49.71316426127598 -2.447255 16.16105321426065 -29.07108001756939 2.494134007179588
50.03408424751487 -50.07730035932443 -2.448901 15.75359312979162 -28.75299595223739 2.491511007179588
49.65117020929173 -50.38860139534882 -2.443712 15.34693235060365 -28.43381612622334 2.488887007179588
49.24650924113027 -50.73715737129973 -2.442423999999999 14.941918055576 -28.11420990256486 2.486269007179588
48.84822333574569 -51.08487229590551 -2.443519999999999 14.53682792033548 -27.79303679946254 2.485174007179588
48.43120118038953 -51.40746136985425 -2.432045999999999 14.1326929714604 -27.47073884284715 2.481022007179588
48.03857313836676 -51.74546640537921 -2.429786999999999 13.72922521977217 -27.14753103607826 2.478399007179588
47.62681650656002 -52.10008808799307 -2.432404999999999 13.32730428426222 -26.82404609542207 2.475780007179588
47.21640944856139 -52.42817619762693 -2.425688 12.925605032015 -26.49864190451476 2.474685007179589
46.80662277538825 -52.76809687851394 -2.415185999999999 12.52563439155737 -26.17274619398236 2.470539007179588
46.40824280845383 -53.09265684948408 -2.409996999999999 12.12575916602297 -25.84511001734271 2.467915007179588
46.00744500315378 -53.45761567748131 -2.404807999999999 11.72677801721399 -25.51645490574581 2.465292007179588
45.62779775456161 -53.82849093369741 -2.407430999999999 11.3286261709907 -25.18672503130422 2.462668007179588
45.25066480202541 -54.19027289927045 -2.401259999999999 10.9320970814345 -24.85658296771529 2.460050007179588
44.85310177481053 -54.54200692817948 -2.429183999999999 10.53822510826088 -24.52199397341332 2.436032007179588
44.45261849991405 -54.85840211804223 -2.443013999999999 10.15710776724264 -24.17216069131844 2.410483007179589
44.04685548649115 -55.20596812691241 -2.438803999999999 9.777355949550069 -23.82087385409667 2.407858007179589
43.65600252646494 -55.53967609241587 -2.430682 9.399250084199142 -23.46926397493676 2.405238007179589
43.26434434777318 -55.8811362412646 -2.433307 9.021345884805102 -23.11598879763109 2.402613007179589
42.84722548926289 -56.23072712437787 -2.424214 8.644371535847212 -22.76172449020611 2.399987007179588
42.45127933432423 -56.59132622072662 -2.419026 8.268328417799932 -22.4064703897247 2.397362007179589
42.05075312326917 -56.94576240637505 -2.419699 7.893217380551643 -22.0502293552965 2.394737007179589
41.66783325058865 -57.28856029186267 -2.416459 7.51975569763275 -21.69368765585535 2.392116007179589
41.28883203985957 -57.63812453364127 -2.411271999999999 7.146523641959388 -21.33548861510824 2.389491007179589
40.88787979535986 -57.98419475819698 -2.406085 6.774229581127771 -20.97630756463895 2.386866007179589
40.50637892608947 -58.3527167004457 -2.400898 6.402881243811173 -20.61615024810398 2.384241007179589
40.12261488372333 -58.69286473685118 -2.403518 6.033184491296264 -20.25571048155133 2.381620007179589
39.73534155643875 -59.04700803906946 -2.394932 5.665896337304572 -19.89143437613405 2.366769007179589
39.35029755340173 -59.40975503561316 -2.396581 5.301851660298177 -19.52388069445579 2.364144007179589
38.96880782153936 -59.76599178755627 -2.391393 4.938777371923924 -19.15537541478326 2.361518007179589
38.58033753223549 -60.12763005747232 -2.386206 4.57666511797676 -18.78591216264407 2.358893007179589
38.20858423906796 -60.49020733503823 -2.381014 4.216212918729958 -18.41620797300394 2.356273007179589
37.7738175045108 -60.91466908631524 -2.384014 3.804675905034673 -17.99172596346905 2.353272007179589
37.38247338811628 -61.27075815977057 -2.371015 3.44562189049301 -17.619289956042 2.350647007179588
37.02414744141469 -61.64509909651436 -2.37364 3.087549825795461 -17.24591389983863 2.348022007179589
36.65175114866528 -62.02545931422819 -2.37626 2.731137985842845 -16.87231307271773 2.345401007179589
36.24995797189996 -62.38264942708116 -2.363261 2.375028178384414 -16.49706228042847 2.342776007179589
35.82889178036018 -62.81009561791367 -2.365285 1.969257085119112 -16.06706519448113 2.339776007179589
35.43734275299114 -63.17486369375837 -2.366458999999999 1.619070971347297 -15.68758713229124 2.324929007179589
35.00556568905085 -63.57337778551562 -2.383208999999999 1.225570135367297 -15.24740724842051 2.308179007179589
34.61014389315651 -63.93237665823131 -2.386343999999999 0.8866634028185272 -14.85603054601589 2.293326007179589
34.23453062693401 -64.30561496000024 -2.393376 0.5546211768381404 -14.46104225194126 2.278482007179589
33.85358852436848 -64.67015605932579 -2.396508 0.2276802424083651 -14.06001328271342 2.263630007179589
33.45968924236122 -65.03372631981871 -2.411357 -0.09300260444645969 -13.65468244875419 2.248781007179589
33.08278353166838 -65.3725290640692 -2.410578 -0.4074549218453429 -13.24514208734623 2.233935007179589
32.7046977266258 -65.73297987229454 -2.427381 -0.7161408675342176 -12.83042323778261 2.219086007179589
32.30181439317641 -66.07729716561859 -2.434416 -1.018474127025788 -12.41148393348978 2.204238007179589
31.90239278600241 -66.39996488986566 -2.441449 -1.314442950251315 -11.98836413850418 2.189392007179589
31.44612386834836 -66.78512382113198 -2.456249 -1.645360855850768 -11.49889734281864 2.172640007179589
31.04093854615923 -67.09850607396555 -2.462305 -1.927783873039436 -11.06668524509197 2.157794007179589
30.62347922178641 -67.43219934202746 -2.471293 -2.203824741709027 -10.63023343685929 2.142947007179589
30.20478608411256 -67.75717745235657 -2.478330999999999 -2.473789677733212 -10.18902155960109 2.128097007179589
29.75247188609576 -68.08646757402606 -2.485364999999999 -2.736714847827865 -9.744399331522402 2.113250007179589
29.3510668511717 -68.37765355592818 -2.500214 -2.993343698940585 -9.295676561232545 2.098401007179589
28.93122377133385 -68.67918861764751 -2.509204 -3.243349780961799 -8.843180470941137 2.083551007179589
28.52569860751183 -69.00209470726858 -2.511826999999999 -3.48995602058405 -8.388952043214152 2.080928007179589
28.10911052181049 -69.31627276857901 -2.49882 -3.734913037220804 -7.934925012251115 2.078310007179589
27.71153642129274 -69.63189279742373 -2.501443 -3.979135899940013 -7.479407272224155 2.075687007179589
27.28633533673906 -69.92112190204968 -2.549909 -4.210262737727907 -7.018116585206298 2.027222007179589
26.8285234049107 -70.20845881792744 -2.607802 -4.412270598486131 -6.542119966222197 1.963469007179589
26.36584276996784 -70.47680059637133 -2.670574999999999 -4.583478528105789 -6.055037179923287 1.899720007179589
25.89646936478005 -70.73295484933759 -2.734325 -4.723488468851254 -5.557858361201029 1.835970007179589
25.53248443661835 -71.11811997957541 -2.746796 -4.844188498402786 -5.055249354891694 1.819593007179589
25.08363031191094 -71.29019107887203 -2.749419 -4.963752430125226 -4.552371628922872 1.816969007179589
24.58718426783509 -71.48090613373556 -2.737392 -5.081897432442319 -4.049607615290197 1.814348007179589
24.10131030385327 -71.67533610570293 -2.759882 -5.194549364892367 -3.545144837642897 1.791858007179589
23.59367919516349 -71.87859514888167 -2.791369 -5.287847323758951 -3.036828088010576 1.752558007179589
23.09286535659627 -72.05527008530875 -2.853163 -5.356024194724302 -2.525491547816876 1.688811007179589
22.58110389480349 -72.16075723914783 -2.953593 -5.376645192969999 -2.008974771410621 1.588381007179589
22.04382068648961 -72.22937732047798 -3.052492 -5.345670182086285 -1.493489416424553 1.489482007179589
21.4878639693648 -72.24252225325212 3.130264307179587 -5.263488154383497 -0.9834012029159996 1.389054007179589
20.96707894255368 -72.1723084409757 3.043085307179587 -5.131044211887155 -0.4843656006068411 1.290155007179589
20.44054762030526 -72.1094575845363 2.934848307179587 -4.949628229692755 -0.001564599594902405 1.189731007179589
19.93000854304219 -71.99631573022221 2.838324307179587 -4.720614327070415 0.4618630851613862 1.089301007179589
19.45368515411007 -71.81250178762475 2.751146307179587 -4.44695145428797 0.8992678665486713 0.9904040071795888
18.95761169536626 -71.60803477738479 2.739351307179587 -4.152323297721781 1.324576173764705 0.9786090071795888
18.37921754307394 -71.4860064169023 2.724556307179587 -3.811122392946525 1.806085095210399 0.9618600071795887
17.90445087543511 -71.2626527655258 2.709709307179587 -3.506011143207579 2.222810392619648 0.9470130071795887
17.43055548428499 -71.03109681080274 2.694857307179587 -3.194140976617383 2.635758577062978 0.9321620071795886
16.91325830477852 -70.7565049219278 2.690804307179587 -2.83100507844066 3.100831383707683 0.9154130071795886
16.4465232234137 -70.50465008097228 2.636224307179587 -2.49814714501988 3.495514370348717 0.8608330071795887
15.97832713344669 -70.22010819858276 2.576376307179587 -2.139941262768855 3.868599255298849 0.7970800071795886
15.48257237534112 -69.8749735333282 2.512425307179587 -1.703500044357346 4.265610527664214 0.7253150071795886
15.05934389776763 -69.57995639591788 2.485351307179587 -1.303870671843091 4.593244803216791 0.6982410071795886
14.61942149228746 -69.24232029845433 2.498348307179587 -0.9022709540160294 4.919913567995083 0.6956140071795885
14.21897121264538 -68.88757034732753 2.495731307179587 -0.501371091911728 5.244268453176044 0.6929970071795886
13.78027273259962 -68.57525324571837 2.497016307179587 -0.09883110623436187 5.568210439909896 0.6903750071795886
13.35990402228838 -68.25906066597437 2.496347307179587 0.3045582593807575 5.891095743428831 0.6877530071795885
12.93694803005297 -67.95707691122422 2.496654307179587 0.7087659178899448 6.212901463910616 0.6851310071795884
12.50903286826431 -67.64408598840348 2.502821307179587 1.113840821609505 6.533666395057332 0.6825090071795885
12.0862834858976 -67.32321290401124 2.508011307179587 1.519757762158825 6.853368355586945 0.6798860071795885
11.66860418609932 -67.01450288679847 2.505384307179587 1.927286673432523 7.172611283442804 0.6772590071795884
11.22911906182465 -66.73900299285742 2.502762307179587 2.33484856664455 7.490158199762118 0.6746370071795885
10.79985967133862 -66.43476287553263 2.504046307179587 2.743268273743379 7.806654964280384 0.6720150071795885
10.36779968264548 -66.10705609680345 2.455579307179587 3.161026639422008 8.110163203960314 0.6235480071795885
9.936703456362251 -65.76993411865452 2.459663307179587 3.586566369516806 8.404356018878307 0.6178660071795884
9.523004247732004 -65.45695815767714 2.459967307179587 4.012811230643249 8.697529918863484 0.6152410071795884
9.120987432226975 -65.12773351352821 2.461248307179587 4.439823866232003 8.989582662336177 0.6126150071795884
8.690953692002443 -64.7955579163895 2.462534307179587 4.866792754814569 9.279963592066304 0.6099950071795883
8.295592924754901 -64.46553830699278 2.467721307179587 5.295328509989388 9.569771426431013 0.6073700071795883
7.869556887908128 -64.14754243956658 2.470530307179587 5.724406256817774 9.858785254602429 0.6062720071795883
7.457837561516653 -63.81728638704827 2.470283307179587 6.154491384349829 10.14628835164391 0.6021190071795882
7.049819184371844 -63.49647028610572 2.473517307179587 6.585237087138268 10.43280714590567 0.5994930071795882
6.618170428233344 -63.17598975146893 2.474803307179587 7.015972787200859 10.71755794732402 0.5968730071795882
6.207257125999277 -62.85886871566483 2.472177307179587 7.448274892668463 11.00171701884129 0.5942480071795883
5.780749232442178 -62.5340450085802 2.473458307179587 7.881325036445713 11.28474212002008 0.5916220071795882
5.371584293779683 -62.18725832157764 2.482552307179587 8.315113957146071 11.56662807278245 0.5889970071795883
4.965203211756563 -61.85731244864913 2.487744307179587 8.748815276266345 11.84684128934796 0.5863770071795882
4.522177375281602 -61.53974379670384 2.487071307179587 9.184079474177489 12.12644942087097 0.5837510071795882
4.109480409171668 -61.23075801983175 2.484446307179587 9.620073183038885 12.40491123103017 0.5811260071795882
3.678456013501067 -60.93014194624913 2.485727307179587 10.0567388775116 12.68232603766429 0.5785000071795883
3.256711663530527 -60.61078888161466 2.483102307179587 10.49400956801198 12.95878183918223 0.5758750071795883
2.840934775181924 -60.29489316978382 2.488294307179587 10.93125841256119 13.23342174211008 0.5732550071795881
2.420436499204405 -59.99514216834758 2.489575307179587 11.37015371938157 13.50729494113967 0.5706290071795881
1.996194363978253 -59.68874623437397 2.488902307179587 11.8097670326116 13.78001414476847 0.5680040071795881
1.558158003461715 -59.36371516376719 2.489207307179587 12.25009493350486 14.05157808798242 0.5653780071795881
1.125667171242128 -59.05910248158094 2.490492307179587 12.69029855751632 14.32147485929332 0.5627580071795881
0.7187723809413641 -58.74349483626845 2.487867307179587 13.13204454781125 14.59072586044548 0.5601330071795881
0.2958272732571177 -58.41319996478561 2.493054307179587 13.5744955524037 14.8588148634342 0.557507007179588
-0.1879701961603867 -58.04567184310383 2.493960307179587 14.08100778210712 15.16377601636292 0.5545070071795881
-0.5943223144721772 -57.72541597780271 2.499147307179587 14.52496446176929 15.4293758247361 0.5518810071795881
-1.015113300886412 -57.40938618968599 2.496527307179587 14.96876616523454 15.69330264858741 0.5492610071795881
-1.436423436214452 -57.09532628856569 2.505620307179587 15.41410253613713 15.95656487885944 0.5466360071795882
-1.863779590244298 -56.78058237775047 2.503971307179587 15.86013262349789 16.21865993124669 0.5440100071795881
-2.282214732256062 -56.46068647714063 2.501346307179587 16.30684720846872 16.47958068884746 0.5413850071795882
-2.707641444631864 -56.1657338552704 2.475802307179587 16.75615840836411 16.73406979476913 0.5158410071795881
-3.117675830907164 -55.83154975255445 2.467111307179587 17.21284440429261 16.97602579482138 0.4964080071795882
-3.532611949460014 -55.51340484762455 2.468394307179587 17.67108372096581 17.21532196745759 0.4937840071795882
-3.948895335763056 -55.16648571078819 2.439794307179587 18.1317999153099 17.44804212211961 0.4651850071795882
-4.359411653850718 -54.83649266378389 2.412888307179587 18.6026977503586 17.66285705171268 0.4304660071795882
-4.73725693619267 -54.47536360845506 2.378175307179587 19.07898114414473 17.86196418473613 0.3957530071795882
-5.103884773910801 -54.09285599234028 2.346687307179587 19.56327399466641 18.04264708809556 0.3564530071795882
-5.459915194208713 -53.6923567781644 2.315202307179587 20.05375113062098 18.20399011462358 0.3171550071795882
-5.811854980614607 -53.28969424985473 2.277433307179587 20.55006368445328 18.34602696459152 0.2793860071795882
-6.110775934355374 -52.8866795798293 2.274806307179587 21.04977658150886 18.48111093872084 0.2767590071795882
-6.46924286749827 -52.47134791408682 2.279998307179587 21.54868283033959 18.61457301559251 0.2741380071795882
-6.807402151192846 -52.08848582036517 2.277376307179587 22.04816617484936 18.74678812024709 0.2715160071795882
-7.138939262405171 -51.69146593129427 2.274754307179587 22.54799833152974 18.87769417045937 0.2688940071795882
-7.484012163755456 -51.28194129396575 2.287753307179587 23.04885897066508 19.00746507472358 0.2662690071795882
-7.820369364273615 -50.88666631000228 2.285131307179587 23.54937799006429 19.13574808486423 0.2636460071795882
-8.136729380226344 -50.49145349687259 2.294229307179587 24.04998944780817 19.2626562153969 0.2610260071795882
-8.501433268943742 -50.08597688259638 2.291607307179587 24.55116746904454 19.38831122444429 0.2584030071795882
-8.884260701627563 -49.63367371571727 2.296421307179587 25.12461035145004 19.53037219845524 0.2554050071795883
-9.253021888302804 -49.21489376290051 2.301613307179587 25.62625434399684 19.65315220542771 0.2527840071795883
-9.57641900663525 -48.81085183491096 2.330240307179587 26.12845490243565 19.77467309086499 0.2501620071795883
-9.938746981973194 -48.4362910877263 2.311995307179587 26.63073088097891 19.89482009414701 0.2475410071795882
-10.30138941754638 -48.04319284833662 2.324997307179587 27.13356457656255 20.01370701893871 0.2449190071795883
-10.62741885040618 -47.64689066010824 2.322372307179587 27.63739392987956 20.13143511012911 0.2422940071795883
-11.00019981005755 -47.26299490729338 2.319754307179587 28.13990874633216 20.2474670669462 0.2396760071795883
-11.36897760436364 -46.89515830754096 2.324946307179587 28.64342301759017 20.36234113864261 0.2370550071795883
-11.72717961106165 -46.51638953415582 2.326230307179587 29.14746972327533 20.47594807426654 0.2344330071795883
-12.08800078081165 -46.12221158820728 2.324581307179587 29.65250699594946 20.58838614780292 0.2318070071795883
-12.43378791253897 -45.72693973832383 2.337584307179587 30.15714380242068 20.69934710769664 0.2291850071795883
-12.84358688370029 -45.28330707759974 2.334591307179587 30.73355238922536 20.82439301453698 0.2261920071795883
-13.24508519790103 -44.84830200335696 2.339405307179587 31.31126424798948 20.94790998260693 0.2231940071795883
-13.598414665955 -44.44962675618395 2.344597307179587 31.81660029986911 21.05447000165687 0.2205730071795883
-13.97786212280853 -44.09264758391128 2.341970307179587 32.3233843527971 21.15994701974887 0.2179460071795883
-14.35825641432247 -43.71577354066646 2.345207307179587 32.82950978435905 21.2639021181224 0.2153240071795883
-14.69239536785701 -43.32023887827206 2.358211307179587 33.33566691795955 21.36648115334696 0.2127030071795883
-15.04998046045703 -42.94384305681592 2.363401307179587 33.84232862423397 21.46778009345072 0.2100810071795883
-15.42808677431446 -42.566803977843 2.362734307179587 34.34901373013007 21.56770311808496 0.2074600071795883
-15.81173864225684 -42.23121138646171 2.363036307179587 34.85713826766681 21.66652602458686 0.2048330071795883
-16.17809788983075 -41.88814731137635 2.366275307179587 35.3643445658015 21.76379009116934 0.2022120071795883
-16.56628992465112 -41.53610044066805 2.368536307179587 35.8720401104925 21.85976800467886 0.1995900071795883
-16.92062709447827 -41.15311944542899 2.365915307179587 36.37974844802137 21.95437107948284 0.1969690071795883
-17.3580179591517 -40.74878181340053 2.371706307179587 36.96082638196877 22.06095707180932 0.1939710071795883
-17.75484893217354 -40.38979307894818 2.376896307179587 37.46929844654406 22.15274909029128 0.1913490071795884
-18.15268274226905 -40.01710149556314 2.375252307179587 37.97776831609819 22.24316406876237 0.1887280071795883
-18.52443502656187 -39.66203644487963 2.372625307179587 38.48765472317232 22.33245215301966 0.1861010071795883
-18.91434825119778 -39.29205745578913 2.373910307179587 38.99659786433945 22.42019918790584 0.1834800071795883
-19.30323768005232 -38.91224027888057 2.379101307179587 39.5060058777516 22.50665219259334 0.1808580071795883
-19.68602910274024 -38.55350010074238 2.384292307179587 40.01539910489669 22.59172923303581 0.1782370071795883
-20.07036716344193 -38.19212626755549 2.381665307179587 40.52619517840257 22.67566325421458 0.1756110071795883
-20.44789296283891 -37.82106168007456 2.388810307179587 41.03602207165861 22.75806423788433 0.1729900071795883
-20.83873293241783 -37.45688393774429 2.386188307179587 41.54631006272269 22.83916823857485 0.1703680071795884
-21.23635474671386 -37.10538234049259 2.391379307179587 42.05656482649399 22.91889619918901 0.1677470071795883
-21.62607176595804 -36.74257954578154 2.396570307179587 42.56726907166583 22.99732324466666 0.1651250071795883
-22.01752163581681 -36.39288488440341 2.399807307179587 43.07817714584363 23.07441126134284 0.1625020071795883
-22.3827928133445 -36.01449695213312 2.391068307179587 43.59010317075372 23.14946826632361 0.1537640071795884
-22.74160363871329 -35.62875826895006 2.316621307179587 44.10438122736529 23.19727229124063 0.07931600717958837
-23.08858403137767 -35.24522407459373 2.291672307179587 44.62065521442656 23.21506931244905 0.04460200717958836
-23.44410312871167 -34.85228321089781 2.287095307179587 45.13744945508996 23.23017932822486 0.04197800717958836
-23.8041800901287 -34.47613646039081 2.288383307179587 45.65335867080183 23.24391133627522 0.03935900717958835
-24.15241046536752 -34.06092428738479 2.295526307179587 46.1698750439552 23.25630435742822 0.03673700717958835
-24.49329159814657 -33.68871437390387 2.292902307179587 46.68677013817381 23.26734936755733 0.03411300717958834
-24.85538367192208 -33.30202552668926 2.298096307179587 47.20276939691868 23.27702337848295 0.03149400717958834
-25.2417449614128 -32.86164547026593 2.299005307179587 47.79328088716095 23.28643439422325 0.02849700717958834
-25.61925199039143 -32.46795975200761 2.298334307179587 48.31025042899659 23.29322038030575 0.02587300717958833
-25.95761890463183 -32.08804608337548 2.296687307179587 48.82723598298819 23.29865037631773 0.02325000717958833
-26.31143131382384 -31.69252086471673 2.301881307179587 49.34330791199768 23.30271738058137 0.02063100717958833
-26.65733062141659 -31.29621276670293 2.306095307179587 49.85996679183214 23.30543538591959 0.01800900717958833
-27.00799046254012 -30.91159218288253 2.311283307179587 50.37698008436439 23.30679839975651 0.01538500717958833
-27.36180167401509 -30.51444919409818 2.308661307179587 50.89365310784869 23.30680640529675 0.01276300717958833
-27.71027497089647 -30.14414210134251 2.312878307179587 51.40974130686804 23.30546141431693 0.01014400717958833
-28.06755199096748 -29.75446631971673 2.314161307179587 51.92674932567058 23.30275841835837 0.007520007179588334
-28.43289374782704 -29.38859876527281 2.311539307179587 52.44339743477336 23.29870242454622 0.004898007179588335
-28.79285718509897 -29.01533351982894 2.308920307179587 52.95945908887592 23.29329942331631 0.002279007179588335
-29.16803910728567 -28.57890184288627 2.321547307179587 53.54999949669945 23.28545642761279 -0.0007179928204116659
-29.53667653677237 -28.17254463311843 2.315017307179587 54.06694765768463 23.27713843043255 -0.003341992820411666
-29.90117576217344 -27.75763566652062 2.327042307179587 54.58387221405052 23.26746443146832 -0.005965992820411666
-30.25096109888686 -27.37900853398719 2.323446307179587 55.09984171131325 23.25645443347367 -0.008584992820411667
-30.60874532494214 -27.00422152585791 2.320823307179587 55.61670444293149 23.24407043877891 -0.01120899282041167
-30.97054212754475 -26.59357200123208 2.329919307179587 56.13318798111654 23.23033944715305 -0.01383099282041167
-31.32293944098226 -26.21658690138925 2.327300307179587 56.64905793746571 23.21527244986348 -0.01644999282041167
-31.70037453321718 -25.83458801347659 2.328583307179587 57.1658072788474 23.19882344476058 -0.01907299282041166
-32.09035201207058 -25.39465481658813 2.333398307179587 57.75603963261202 23.17837444049577 -0.02207099282041167
-32.44863839852894 -25.04631367110626 2.330775307179587 58.27268735954023 23.15902145447748 -0.02469399282041167
-32.84721037162545 -24.63030196043466 2.339501307179587 58.8618741122314 23.13529346546007 -0.02768699282041167
-33.2322824491204 -24.25665607633961 2.337854307179587 59.37840501069492 23.11303947618461 -0.03030999282041167
-33.59999032170658 -23.86296744299659 2.343042307179587 59.89488072569269 23.08942949343131 -0.03293399282041166
-33.93837823921658 -23.47469770951192 2.317921307179587 60.41077551492857 23.05957750144044 -0.06000799282041167
-34.29925737195394 -23.05789976606952 2.255699307179587 60.92403207528626 23.000845572834 -0.1222309928204117
-34.62002944863502 -22.64179594269632 2.207231307179587 61.43276004748896 22.91163961258822 -0.1706979928204117
-34.88274928116865 -22.20505438282766 2.220237307179587 61.9400618578947 22.81614265194027 -0.1733179928204117
-35.19395828241858 -21.78886663950123 2.217617307179587 62.44710678477889 22.7193176634404 -0.1759379928204116
-35.5191485718316 -21.35975052996213 2.222810307179587 62.95389429482449 22.62116475345351 -0.1785569928204116
-35.83554580725602 -20.96115647770186 2.220186307179587 63.46128058684965 22.52151570001136 -0.1811819928204116
-36.16006786193345 -20.52916567292328 2.233048307179587 63.98707122078758 22.41931476625673 -0.1732019928204116
-36.51382608915929 -20.07526666930437 2.231591307179587 64.54018819886511 22.31296077418884 -0.1775889928204116
-36.84423303316186 -19.66401699741754 2.234827307179587 65.04759647701003 22.21393272319875 -0.1802129928204116
-37.15069236709628 -19.23165885523373 2.233734307179587 65.55434892618166 22.11394264415175 -0.1813059928204116
-37.48013376953672 -18.79124059166674 2.245761307179587 66.06088039164581 22.01278555937284 -0.1839269928204116
-37.78509507489041 -18.37537554085311 2.217159307179587 66.56609807975265 21.90500163740572 -0.2125279928204116
-38.08864848917296 -17.9572642523309 2.166183307179587 67.06604541837618 21.77279260544745 -0.2625279928204116
-38.37436854485536 -17.55061244587757 2.114660307179587 67.55773588733376 21.61547952116165 -0.3140509928204117
-38.63223282143932 -17.08476836540914 2.074856307179587 68.04078781988603 21.43307552186415 -0.3655739928204116
-38.86993211290061 -16.62712708992463 2.014542307179587 68.5140434068859 21.226007641071 -0.4170989928204117
-39.07194328334369 -16.15335912515751 1.975713307179587 68.97599026509671 20.99504371611333 -0.4686229928204116
-39.25677660837798 -15.66623671681262 1.917905307179587 69.4254338974846 20.74092585755117 -0.5186179928204117
-39.41435567278322 -15.15206703982708 1.882002307179587 69.86210760633581 20.46353199466866 -0.5701459928204117
-39.55555977439005 -14.63373040209536 1.830476307179587 70.28351547908728 20.16447312924106 -0.6216719928204116
-39.65169489321892 -14.13010467624843 1.780907307179587 70.68848081804987 19.84450083052417 -0.6731939928204117
-39.76697712687966 -13.61580634674924 1.737195307179587 71.07701754670974 19.50414103865526 -0.7247189928204117
-39.83179830358937 -13.08008522551151 1.696966307179587 71.4473283475381 19.14441625088674 -0.7747139928204116
-39.88957346267865 -12.56376724244153 1.636653307179587 71.7990194918299 18.76624806438007 -0.8262379928204117
-39.93756565966433 -12.04131501414951 1.611874307179587 72.13200334660574 18.37086528372817 -0.8685949928204117
-39.95998981246129 -11.54474599753725 1.609250307179587 72.45986161612099 17.97104797277099 -0.8712189928204117
-39.97222196309878 -11.02538130930015 1.616394307179587 72.78636990740063 17.57074162563158 -0.8738399928204117
-40.00032213264745 -10.4932981249043 1.612794307179587 73.11199479823165 17.16910375735429 -0.8764639928204118
-40.01321330032639 -9.942678840636335 1.617987307179587 73.43613895082011 16.76741258345243 -0.8790839928204117
-40.04152646687173 -9.409440823537951 1.618292307179587 73.75978287419711 16.36418267636086 -0.8817079928204118
-40.0526905972445 -8.878062628605839 1.617373307179587 74.08110016052466 15.96023333073207 -0.8904399928204118
-40.0554817873392 -8.276332003048102 1.552818307179587 74.42997320158435 15.48275332895239 -0.9530419928204118
-40.01750496765104 -7.756742748530293 1.496884307179587 74.70537903888201 15.04665362378145 -1.016787992820412
-39.95011112656882 -7.225243302905799 1.434659307179587 74.95321300563779 14.59289274491451 -1.079012992820412
-39.86760924004469 -6.715705788129459 1.378722307179587 75.17157086079825 14.1250170995674 -1.142761992820412
-39.75949241989931 -6.198405842853401 1.314970307179587 75.35990070225202 13.6436405190787 -1.206513992820412
-39.58181455086042 -5.629177513429426 1.244906307179587 75.53592963502192 13.08065458762366 -1.284390992820412
-39.39870681389128 -5.131721835000684 1.167051307179587 75.65090875185567 12.57620228779822 -1.360292992820412
-39.16791499133696 -4.649853824312596 1.094558307179587 75.72736575372815 12.0658362544256 -1.434737992820412
-38.91088090065295 -4.183250388328459 1.021512307179587 75.76496775991745 11.55060293686162 -1.510714992820412
-38.63249127126534 -3.746956686872112 0.9465113071795868 75.76369578074529 11.03388021690638 -1.586691992820412
-38.30859944308764 -3.331576586780509 0.8788973071795867 75.7235198172291 10.51854270935167 -1.661141992820412
-37.96506149446277 -2.924584398043207 0.8151483071795868 75.64822183859684 10.00766875915215 -1.724890992820412
-37.61305465706986 -2.533779291126867 0.7523763071795867 75.54105090829965 9.502839168302689 -1.788638992820412
-37.23447741486747 -2.182731847418205 0.7359153071795868 75.40873085538034 9.002675803455974 -1.818772992820412
-36.85228125034509 -1.811679410861888 0.7411083071795868 75.27440489003396 8.504448921479559 -1.821391992820412
-36.4403205757728 -1.458955445390246 0.7384853071795867 75.13854179344472 8.005719523934374 -1.824014992820412
-36.04747258091076 -1.112073231332785 0.7358643071795867 75.00148779898467 7.507774544878125 -1.826635992820412
-35.6569939230147 -0.7471103234538694 0.7414783071795866 74.86279075468023 7.009829377208604 -1.830786992820412
-35.26421080004766 -0.3889189833762772 0.7071453071795867 74.71805680681798 6.514087654268224 -1.856330992820412
-34.7073870668977 0.01326400017074336 0.6512063071795866 74.54537792024962 6.027061077797085 -1.920082992820412
-34.27544112897877 0.2972341060043439 0.5843973071795866 74.34151210505877 5.551874433600294 -1.986891992820412
-33.87794028740024 0.5549091749863171 0.5084223071795866 74.10349618622158 5.09369066327681 -2.062866992820412
-33.41919116302871 0.784657447440874 0.4412343071795866 73.8313101169781 4.654551456792777 -2.138843992820412
-32.98344380756608 1.005537780806538 0.3652593071795866 73.52705720759116 4.237433514954414 -2.214818992820411
-32.49549390023314 1.173720886440462 0.2829983071795866 73.191987513226 3.844132859475686 -2.289267992820412
-31.98259231416632 1.304546975786944 0.2197193071795866 72.82850557577321 3.477631950482847 -2.365241992820412
-31.46574256410137 1.41614308753339 0.1735013071795866 72.44035970778904 3.136537042254397 -2.418295992820412
-30.9256244799136 1.50750527659892 0.1861293071795866 71.9915949455113 2.752571245992063 -2.421292992820411
-30.3955416987524 1.602232403038301 0.1835093071795866 71.59838764860221 2.418048978354734 -2.423912992820411
-29.86438751964069 1.706759605919366 0.1847933071795866 71.20391584886224 2.084230148033514 -2.426534992820411
-29.31833596749289 1.7666876752053 0.1133993071795866 70.79435177672555 1.76869905047148 -2.497928992820412
-28.81206545180875 1.822717776340394 0.04659430717958661 70.3636729521849 1.484229119019502 -2.564733992820412
-28.27511350986807 1.854166940605531 -0.01410069282041339 69.91632061164623 1.225347850545753 -2.625429992820412
-27.79454348081196 1.834327122463722 -0.02499969282041339 69.45753821358969 0.9870905829083318 -2.650975992820412
-27.28553766747853 1.831837280916432 -0.02761769282041339 68.99871990349716 0.7509894168628088 -2.653594992820412
-26.75210696057668 1.839452432224314 -0.02145369282041339 68.53816831077179 0.5155216235660935 -2.656219992820412
-26.2137956099218 1.82357858883801 -0.01919169282041339 68.07783193357997 0.2816844175343511 -2.658839992820412
-25.68177384144704 1.827840802163675 -0.01986369282041339 67.6160517270948 0.04863530340573538 -2.661464992820412
-25.17032514108724 1.816502963665826 -0.01857769282041339 67.15449488797415 -0.1827836121164562 -2.664084992820412
-24.64228006595362 1.815047127515844 -0.01533769282041339 66.69233350456548 -0.4129928199667611 -2.666705992820412
-24.10912582279733 1.804519283832007 -0.01405169282041339 66.22957183756974 -0.6419906568686826 -2.669325992820412
-23.5813558505155 1.82756844184107 -0.01276569282041339 65.76621093454317 -0.869773608315467 -2.671945992820412
-23.0644887742294 1.82388360448232 -0.01148369282041339 65.30170495701984 -1.096610596986185 -2.674568992820411
-22.52632941441126 1.839808733590806 -0.01215069282041339 64.83715635120795 -1.32196140261068 -2.677189992820411
-21.98973849734829 1.820739934984652 -0.01711069282041339 64.36981743391998 -1.54437439586093 -2.688985992820412
-21.4775197127209 1.804948092687762 -0.0655776928204134 63.8958457537809 -1.749451268343651 -2.737452992820412
-20.87551334083353 1.751498205559577 -0.1212146928204134 63.34138438546734 -1.953934379228391 -2.796996992820412
-20.34925657140585 1.705329385228596 -0.1211566928204134 62.8521962471717 -2.117488420900908 -2.805726992820412
-19.81389522846815 1.647807510784115 -0.1198726928204134 62.36173916815269 -2.280289455214319 -2.808349992820412
-19.21680317296346 1.57049268954413 -0.1189626928204134 61.80087626966889 -2.464714427741435 -2.811345992820412
-18.71678779682043 1.523479843264591 -0.1167026928204134 61.30951334499849 -2.624757403900705 -2.813967992820412
-18.20527796303193 1.474119023939279 -0.1154186928204134 60.81773244175857 -2.783511373660536 -2.816590992820412
-17.66487386211039 1.422953155360762 -0.1180366928204134 60.32645371762081 -2.940683288699459 -2.819207992820412
-17.14078624075981 1.350136357947624 -0.1085146928204134 59.83378014724286 -3.096640149919857 -2.823358992820411
-16.6038239576883 1.311179507210927 -0.1076576928204134 59.34058689942088 -3.251641240506075 -2.824454992820411
-16.06286250430067 1.260379623835638 -0.1063686928204134 58.8480853352417 -3.404945106187883 -2.827071992820412
-15.52940724036879 1.220539757658015 -0.1080196928204134 58.35333903883687 -3.55752620766519 -2.829699992820411
-15.01136692098809 1.181182871230946 -0.1028246928204134 57.86004417119003 -3.708244168440608 -2.832316992820412
-14.44403944946772 1.110501011957804 -0.0980086928204134 57.29492305500786 -3.879173213312238 -2.835312992820412
-13.91754953959767 1.070811222795864 -0.09281869282041338 56.79986313970799 -4.027396191748687 -2.837935992820412
-13.39180452866635 1.017425384938061 -0.09544069282041338 56.30441587588838 -4.174319279880463 -2.840558992820412
-12.86556399578765 0.9938945491140424 -0.09318069282041339 55.80858416642425 -4.319943194531278 -2.843180992820411
-12.3550903560406 0.9345057258886819 -0.08701469282041338 55.31237326816964 -4.464266168889233 -2.845803992820412
-11.82640155843588 0.898587872598646 -0.08181969282041339 54.81668217892865 -4.606912194920437 -2.848420992820412
-11.29279588048015 0.8515610645992415 -0.08444269282041339 54.31952746023148 -4.748688108732591 -2.851044992820412
-10.76261196790835 0.8291142126134717 -0.0782766928204134 53.8222000273867 -4.889104240670838 -2.853666992820412
-10.24520746863125 0.7753163142971495 -0.07308569282041338 53.32469925961819 -5.028160174118002 -2.856288992820412
-9.748683300602922 0.7375004569728896 -0.06789569282041338 52.82664329972219 -5.165966168796606 -2.858910992820412
-9.205689910751623 0.6974866000303207 -0.06855969282041338 52.32915577822314 -5.302212033599017 -2.861528992820412
-8.667816668468053 0.6715417059407632 -0.06922969282041337 51.83038518801639 -5.437404915032477 -2.864150992820412
-8.119480164721175 0.6353868379952446 -0.07380469282041337 51.33125911055647 -5.571290936267981 -2.866773992820412
-7.611222425975854 0.634276053815839 -0.07545169282041339 50.83158332577936 -5.703919884410676 -2.869397992820412
-7.087755518975642 0.6003092241603222 -0.07025669282041339 50.33269351494756 -5.834941836159496 -2.872014992820412
-6.571915343333914 0.5613713673387779 -0.06506669282041339 49.83252795191429 -5.964898719739169 -2.874637992820412
-6.04761023494623 0.5349895182572084 -0.06768969282041337 49.33199740113272 -6.093433604976563 -2.877259992820412
-5.507013644886295 0.4884267166078847 -0.05664069282041338 48.83112661413261 -6.220656550043594 -2.879882992820412
-4.9991184030823 0.4528458581844182 -0.05926269282041337 48.32995314878579 -6.346674678276826 -2.882504992820412
-4.466761704273079 0.4602770760461264 -0.06188069282041338 47.82938793229749 -6.471146735174242 -2.885122992820412
-3.938219533545155 0.4363212283009616 -0.06059669282041337 47.32756585954282 -6.594535757075662 -2.887745992820412
-3.404489993726574 0.3977794226092528 -0.05540769282041338 46.82521677452151 -6.716657783621615 -2.890368992820412
-2.871441517635584 0.3605715565018706 -0.05412369282041338 46.32275021046011 -6.837412674066785 -2.892991992820412
-2.365170889255585 0.3380987290214506 -0.05674669282041338 45.81997466726887 -6.95684855748082 -2.895613992820412
-1.835413947946797 0.3220929422929822 -0.05545769282041338 45.31781882154438 -7.074748520169589 -2.898231992820412
-1.237961057716773 0.3002881423901957 -0.05064669282041338 44.74172898888884 -7.208300479557264 -2.901232992820412
-0.7224231848311374 0.2830993044776913 -0.04697969282041337 44.23888064858122 -7.323209562243196 -2.905378992820412
-0.2053965535496631 0.2647904852211106 -0.03830869282041337 43.73484657029437 -7.43723858616492 -2.906472992820412
0.3343426489340861 0.2590776474668827 -0.03809369282041338 43.21272611669677 -7.553657701168824 -2.909187992820412
0.8797748637175885 0.2576207880869119 -0.03678469282041338 42.71295924439886 -7.663775678247634 -2.911784992820412
1.428664833764646 0.220875935057137 -0.03952469282041338 42.18534658666979 -7.778649604411383 -2.914524992820412
1.972974525470684 0.1869790893016983 -0.03733269282041338 41.65731470295875 -7.886681599775417 -2.927957992820412
2.497042115540384 0.177988314686766 -0.03811969282041338 41.12796117872949 -7.992997504263241 -2.930697992820412
3.022785191265682 0.1887764406808096 -0.04071569282041339 40.62617601498594 -8.092385541415416 -2.933293992820412


